94.1184964172389
49.025679313839596
42.63845216131606
52.53159149795914
47.87989127244499
24.772888738616274
92.44289543563805
25.151245453345794
50.48682256440439
52.01126102928128
58.19722688382264
57.42724957153889
52.604546513224115
79.8779289033903
61.894965598770405
58.90775888298046
68.89729651420946
39.44397652956791
57.98009956963753
56.6063118586264
65.00756614428552
130.5052826139506
62.77023989965346
73.6797479583453
61.51329305486555
123.9782924515336
115.80301999071267
114.47382674543985
100.5181194780867
97.68011816513152
122.51285224761901
121.5367193946542
58.063879467915925
108.20483536004015
109.3979750836522
79.50361673507742
121.70034916516798
91.17069589454243
136.079784449122
132.91906165767605
159.53788597484842
140.04279663356704
120.65142912831625
128.42652983707725
138.72239123820248
124.22998985729622
98.78147648064848
178.8542864441039
142.8252587021047
117.9496446161188
111.1239138222695
141.46897586912448
184.6226467676414
115.19725527912219
205.31204811694843
151.28053645644076
123.15427210501583
150.2493131003321
164.84973271430323
120.78080326087027
157.04438554038236
187.2093910589988
122.18387710522308
155.64865826076854
182.08973432249968
173.78091068223966
136.41593247657195
178.1086783915172
149.3674225669432
157.00099127489727
151.00230670675015
157.02592493875835
188.92912138272473
166.36815508125008
156.903791158618
181.45447484510515
189.6707184538355
163.3048366436234
143.23385740905755
191.88345668932408
115.56998233920294
205.27183434013898
192.7693418507498
162.3346438713042
156.41840468343537
232.96155776652589
185.08503400234713
199.032464650794
172.90518379966014
243.42805662066496
232.20133390248816
167.11296040479758
172.76390642027326
178.40646246358077
204.4820562403457
191.54481485675214
217.1813855096367
191.7858234592691
208.37722838547177
246.59246825932695
182.3888833970438
178.94372883873194
221.76575614483724
246.44000497754388
208.32201742893858
226.27839505245285
197.75104574748505
200.93097270815693
261.8014808796967
250.14489897135363
220.20439905127702
181.27757282309355
224.55234848072243
255.9847709719778
232.34276510016983
242.9903229734971
234.5132973895783
274.3074622466489
253.6730843270085
238.7572878162065
248.0137711420612
231.58582737998663
216.55577404039852
204.16512094063347
209.3884900983838
216.85605035572746
228.95396582251067
285.64041853451556
182.43071395944372
233.3551648574253
227.59420441766068
213.49795858242095
239.76563893190846
267.82907109317614
288.84239431010326
227.24246128629866
269.5802429151258
239.90887642539442
272.4508051096403
250.50638650207512
274.0644233485814
230.74650321844283
233.56679617734338
243.9156327049518
229.00690336219154
206.9171664954314
330.41420475590127
255.09380722015356
259.2581857232625
295.2506314798111
243.84406972203752
268.6118116429434
219.24232893334306
293.7757284967536
310.93695183876116
245.43453343348475
257.4996835106545
246.7946015456592
302.1201024362897
346.00661824149415
323.11333890339574
281.12324484203907
256.1189560060342
314.6655569126913
282.60905166126327
296.5670400029791
287.177957667265
317.54819032156
327.59297896573395
317.3920321016285
248.64909897529333
303.5061387955781
320.2676132474711
312.32316564819445
260.8428225281617
312.33862467560766
269.68400026508317
342.659534430955
283.2733339820815
291.3217743928056
312.2959269200638
306.8376531421302
276.36432469323057
324.20605703209765
309.4923177300594
286.3419449122584
271.19219366700395
305.20318391545106
343.8709117672996
305.0307972297481
306.654397320222
302.58306056855594
291.865157407379
341.4164647170588
272.75052772077134
293.7842909203759
299.12927851165045
319.61002897375784
360.37828832320224
326.78040362783827
319.6363802420651
316.5072750647924
316.7551568626353
358.1047192139056
320.7808234789599
292.6712201909753
342.97191624621223
320.82045996409136
336.25383351998823
334.6437642176284
339.80797106178807
326.0614779263538
349.6519547563149
315.85767885931796
349.2173194716245
335.77436661959155
355.5533191332481
322.2066125024054
311.9656967539622
385.88651157378115
322.93471818839606
315.7406807450403
322.6103837281288
351.2389903487407
339.2118480546701
342.34526125222044
362.0241264094831
362.43893579503197
335.3035403493421
330.46825391817447
372.53925498841727
312.9827646426953
297.7721132618925
344.2171672920164
368.89658665619595
342.7197289613471
392.2420715898246
342.629725217894
334.60573757003954
330.9450965889873
332.1831635434288
399.41641986351635
361.52922147738377
363.84609541244674
365.74383679945936
402.2848310329488
293.13691460029725
366.19483246765117
330.128639911439
366.48451969875805
344.8020406107763
357.51481316621084
381.75483286730275
323.3506023919323
301.05692077054357
348.95065192827826
382.8517633929223
383.78108424372317
354.08759000992154
342.54895551942025
375.39420438541026
363.1487508856628
387.4439512316507
393.1886745233382
367.1037234362817
371.3663672460261
379.4246712040159
344.0945326227935
353.3885585331914
408.87203652057474
382.688049156993
341.20396389124824
375.10000820342674
347.6809638961665
404.60188686297886
369.85508258810273
351.25483023112736
376.63297185166056
429.96254976381
364.12395931055926
412.25588655353545
388.14100043976623
401.24999688372935
437.80532722503057
380.6011334916219
389.05468622115126
387.11027764065454
427.7474341137256
376.1345104663825
407.258208201343
391.3925521380569
396.16780695302083
364.5778616043839
390.48511918013503
428.10380890401996
391.42220203552006
389.53140921470833
393.8128900170407
407.85515205666206
380.15532086809867
389.2533850813562
403.10463335637417
373.99456253483993
403.1707910011891
400.2976193491793
396.6869619308434
379.85334648261494
380.2476841919772
411.4925855551884
409.7292596041116
408.6313052891427
393.19880798921645
404.2290697260558
366.93709987524676
416.21804933366855
408.07078063579854
472.24135736937797
433.87471523058014
373.7370389990827
419.246342466497
390.8211854238707
409.60602903858944
431.8307983640983
396.97502379972406
419.18008068949143
390.8586237165425
436.4780191017419
413.690921361583
402.3624017896576
394.8862237140237
422.49691345832656
410.9756150043336
417.08395154569746
411.2856721022979
384.84114231901435
392.8014637084879
445.8784454585839
354.07591289632296
413.3991797081386
446.38706037772727
423.8334683581845
455.43009700357436
422.9052759893167
415.2911389712599
409.3815852629973
444.21119784706593
410.4009722325935
430.49083310412954
470.4711380423456
449.53593053195755
416.8538138808701
444.66282742935505
412.63470334103556
439.9284568433741
445.1642440758168
448.780389914678
441.243644695585
449.0130508364742
410.94230163590873
407.78771481439526
429.58894880535286
430.63123777420554
464.91573459053967
425.84132332343995
462.93352149989437
426.0821760824334
407.83283917286724
453.6396671383392
441.9357774745378
451.978439628808
476.0766308730493
473.50754140285215
426.69596106416554
451.7578948804429
459.2607324264965
401.9862355317572
423.6482548707971
470.51491569711584
464.70080132090874
431.3900017792263
445.3236492568347
452.70578618760874
433.8535887366773
413.6691588109337
428.4789613310741
493.01691234285073
441.60659314374925
454.1078009943469
430.0869698410032
482.52850627545797
401.2587982196186
423.93138929928693
410.9895846404727
484.5459409047253
440.2408457548747
437.88036582658344
424.7718922390902
470.99220494010166
447.6506206519919
451.22366396080383
441.7907982726109
462.3716102766162
457.75754778264945
447.4053290632025
448.2507836998059
467.17302088521365
465.5131221953144
455.8911180575426
436.6793839573153
474.3467509120802
422.62366559929944
487.0246683617603
423.3279651735244
431.49290255080393
465.59138125890763
493.4844308969774
440.795657344319
421.7101891354084
460.64660435530277
482.95506354729
440.17023978798727
445.57974915823934
453.78362342942177
479.87868784468367
450.29808355566826
448.72586056475944
455.831222498702
464.6134118795171
476.5135615091997
461.0262663348653
444.9592406625036
417.7523611241768
478.9195596138911
489.0183956394294
495.00274267697466
473.0452978747843
469.9037396543763
455.65222291418723
456.10778246043344
483.44038083897124
472.2855986729205
461.7482077478145
461.71955951537325
486.3955724366831
471.003743773779
430.5203842714269
458.2679189177647
453.8271178755878
482.91881292952826
480.45851721290273
490.76856080567745
458.71647675502135
428.77896365242395
488.10457446487703
477.9334665913285
476.1036951120719
472.45542002888203
484.75152687451487
469.39120328623005
484.2637864150653
474.27919521944807
453.4459618613222
465.6661645947279
494.00598462493895
490.40872091909534
503.08443864260255
456.994238051243
489.79671090505644
484.1970266488879
515.1484024229378
491.30070620570234
484.70500125888043
483.9116891818858
464.23503958718254
496.91613144545533
503.8961809931202
480.6909305414599
492.0674301446056
482.36359701823505
478.1988898417811
467.07707108362354
510.2080893787737
455.3063480725315
481.4519590086685
506.60623896065937
471.7472270141525
513.6756861947888
461.6704763203677
462.62335860340363
496.1438509779823
462.8083882521255
505.61943362396914
485.85275820147444
515.8757159188121
465.0404366110787
494.4219744582592
463.1105660906867
462.7679428106994
474.4292369899171
537.2273044237568
