-3.8141958354039063
45.91977711398314
38.044641894855566
39.31932896909553
43.531870210033304
37.65123436589742
36.13716482049187
42.77928810155587
38.96180391783283
49.557731949242424
61.601834332918756
39.583148544214986
46.801343164415776
80.2823649552325
111.17893803430202
19.962584027835714
41.424594410524755
14.09435967812002
50.22454696124712
61.82492058637194
27.96255732446282
79.91683329697442
65.68693335504035
77.24348616094596
109.3803302802541
118.58346621194065
77.30041785366747
124.10107068085065
23.207357345477174
91.86227655304997
84.32575891539896
75.24220741918849
143.18750984281417
111.18391972284655
82.42837414319528
110.44857945122776
68.642060427499
87.69872261804181
86.31678067904299
131.75360951125722
136.70461610209432
174.00766711332042
142.0761212765514
85.14004360336686
142.94332445020686
159.86037818369218
159.62848911579061
110.15529158146911
93.5336621207365
123.48504861794848
106.14415761002945
143.35939061667702
141.58009152513145
188.00667450253025
124.01219273270468
132.77923515774395
130.1788748608428
165.97000535133643
124.45617726560616
115.62718944161674
166.98414804682093
153.94966480898216
133.22627734600616
162.79094291470577
169.69644531164155
176.01107097526915
191.14968955732647
175.9246590257559
147.0102957685584
149.47995919107035
182.72166857118182
134.4774644924799
182.1150322426375
195.43406177571228
201.3136433735287
152.94110987972758
147.06644386788693
148.76206619152182
190.72211345000335
167.73652152414235
169.70380231581348
207.27789776127318
215.7928539821577
189.95747903144178
178.17318396466626
163.2971933636159
172.18467380625214
184.13555025730423
215.70456470125458
237.47806597872173
166.4049112417307
204.37390224815383
232.59446723730224
154.69016193353767
172.3845534993748
266.9338731066519
181.76068302679332
242.8799508895927
143.71998674119732
202.99471057964502
181.8671846320381
169.40068709112902
191.49665625854436
229.7991870480336
192.7633387944492
195.92051601294173
174.7472085941021
192.63789774747562
199.2636858668575
205.2766921523279
171.80353377673904
182.50234062778765
138.14327830743056
180.85382819554178
147.329002718197
249.07352192692122
266.8352433397065
193.47527891397982
237.8179780659789
190.6510076890378
248.03849626163426
233.53197400013198
205.47341325365434
234.9196583482709
232.35455719748998
240.89248644743475
235.11500256290697
214.26245493412193
264.8794453071346
230.99790218600074
248.8575765134687
242.5923188601424
247.83348967500095
220.43114717474796
238.70100225829984
254.37939609480296
318.35866663310867
249.34098236196346
272.5573415013647
331.71300964999716
235.93316663988242
256.9283346024352
314.9416349713339
277.3311693654371
252.1492805425252
283.2269124339572
269.94235077985707
246.73037643524597
258.92518833309975
276.87034544825804
301.58247167994966
289.847843136297
260.32030739640817
294.64493764250045
286.7905681214382
236.03916851061715
280.948523155961
296.51964760562277
289.24158576999855
313.69836978801015
286.55484402900623
319.3166911555095
249.8507722402444
293.88239492047626
291.72046332572586
268.0295170924376
284.1388722439854
245.60364713110263
306.23757327593864
255.66410044376215
326.98531687294485
306.5573577945151
220.45993198679403
277.4342190456664
270.47466233099703
266.662668722969
290.55722735630593
241.43178086234647
347.53095626526226
266.55337419212077
239.87842508088022
300.87249857635356
290.4927657797855
317.18723444526944
280.3201807287287
298.9068078440482
264.1351102403145
279.41430454183876
339.07413792647196
322.5432312085193
363.36137412616654
327.7725991200584
269.61408154990545
323.33671115685814
333.23882959969853
374.4264251187083
309.75831171277116
288.0960183094068
282.71513611567934
309.7232018868684
305.4960282558802
327.8127356550266
320.79869394726563
312.9343024430799
337.11128023783056
336.2273309233151
296.65446737002355
324.7022265790945
305.3147836633426
362.4869314230337
320.4035213046002
384.4490889158857
335.00994689406707
276.4390519173865
299.09947104356235
349.7014961162551
331.13283108239676
316.6101950773899
378.84069030886394
335.0804876151349
342.95796461669926
362.97899238377045
322.3216651958625
328.47604105762684
345.8496007175222
325.1496357469074
382.5578305079283
282.38247494118184
364.49210933751675
345.9701284621029
365.9103031839213
373.46848547957154
318.80152211205126
311.1804472080688
307.5110853894681
344.9471800979881
332.51308475518556
352.91822386563786
327.65827277009953
362.3614766342215
377.6872084873678
377.0419533978336
342.20970585307515
362.73933214317435
406.3821933226626
357.7123287474301
375.7467053001661
370.4197224674655
361.6799083460679
391.3602848961805
390.62918962579363
336.20842531627954
355.0032189607001
328.1246765934143
320.00413473270237
356.31135107343476
359.11439682298175
350.779804208246
364.17009979602255
329.43806933298856
390.9558423414867
384.73681430626493
403.3288093940978
382.56487632598805
370.63298783228095
397.0490975519373
402.49622285076356
373.59998440517114
387.29237284245835
346.9423542740239
405.3612762649759
406.68838900738785
367.5393489648469
424.6182037942435
384.44966050323404
363.70168209852807
428.44651171065914
383.3065658971175
373.96030126369527
367.30943989378255
378.5020745681368
385.29712231569147
367.55966877311596
413.15383926421623
378.0118586321105
356.579463727874
373.1086226893599
392.44298065993655
363.95265411205025
399.0284204528492
380.13856471311465
413.8619116412335
411.9622504772854
404.6783097206368
403.98881715737616
369.62154698822434
360.78336928822756
392.50066541147146
402.51168333370504
362.94786268231985
378.57343397292243
429.8183599414948
399.6518348427401
371.4534419186491
416.5056306595389
400.44365936784163
399.0056736890974
381.06871260415335
396.6198885114991
385.59622206247536
381.80136024297923
381.3238338501879
450.5033481673257
402.84487027538955
393.27294343946187
391.21298036155866
386.6576839094344
421.295957378205
401.32421870404085
435.7204363509434
366.10693170513866
413.84333030889314
378.580646783868
417.39331502256954
399.79395972031824
425.9475796657649
416.2746380092866
447.0115876075473
414.82665081934476
431.36134362663734
411.46339333997673
423.52063386207215
434.84627873924626
413.4477934755582
447.1894793448777
410.7603244343816
400.79032217046904
445.0986498064825
372.10660694480623
408.18057170985594
397.7781294440007
375.70879512714316
412.29933964472036
443.000178616038
437.8463860777034
400.6952398172797
370.0581061760274
393.7104199494802
446.85283298945114
436.0659675740302
429.94855164131695
420.4803167780914
451.0171197204828
423.9531525919431
454.75840126845605
457.3498279940414
403.13503210165857
451.4216624212171
443.05698943357237
387.89919916710494
438.23064015029684
421.5051976806411
398.84608548567445
469.01919852947947
446.7070876807431
460.47800200252277
439.4396453660713
394.70702435646893
415.01898255298454
427.523974016721
477.2788118033461
446.1453750133022
459.8665303999079
456.42247454733103
457.414929722236
473.8168529333946
455.5568092670617
433.2866675151338
434.26817312342826
428.72709272044693
456.83921181975586
447.427309313451
419.4749491717704
428.96399845585563
454.9918581120072
431.64256430343903
421.2341976698285
467.6787447579925
420.3993172536499
459.9467780788266
426.22881297299443
454.8798251303713
452.81958464202216
467.8016306012621
479.50073465111825
386.42550672412244
441.7495139227867
465.2257275618605
442.21941477371985
504.07538100020383
445.8822858181701
463.6907079669147
454.5818730077833
470.6947483477825
419.6322678934175
484.8060498254591
463.86494471134927
473.0442777332984
475.32718134877314
446.8025359441091
460.19072815815514
465.15584576962704
473.7647493878877
454.2293970882673
474.45546867844416
469.8210017969477
455.7501467708005
464.68645888552135
445.08522580177254
461.99859719635936
470.5280392464051
456.3354863214188
458.4398208090641
483.1667123986524
455.08566108639207
452.1149323961415
446.81348931264813
473.4380992167547
448.08562542753714
492.70835737069626
464.0441504313136
449.79322718598155
450.0105897264343
455.5775776165623
430.61045864609474
478.64023537132186
441.8714003900691
472.33410441774663
468.3040355297471
461.5155211375986
491.4107761701655
456.41315758068004
465.2419908392626
494.27613579300225
471.04754212972455
511.02705471722936
456.459287922298
511.3474386573988
436.076674021645
481.8580561237176
430.8215352051455
468.1962332829945
473.1979115490187
477.9365997492748
447.0188324171555
468.35369445129356
486.40337277162894
474.5914001804159
494.9746572929557
479.2551624178668
446.964676166509
483.2485293516464
467.24681440093036
515.6422527103244
465.1192579209994
458.6994864481885
457.95575024486743
512.8830598081054
500.95496909197743
483.3618542801131
456.9078815268979
461.26119879102214
495.8224910172826
499.53147958722377
471.4661442917693
487.26767444779955
441.8999248315498
488.31200959854016
495.1553393769841
462.02547980830707
499.04325168711875
500.82263859007554
473.93741762357377
469.88438321165506
504.3483562691937
505.42122272952594
504.149060157107
469.22373167293097
474.48218974334657
495.1424631086211
472.5403899656401
471.1461631503624
507.2100732269312
474.9866085301428
510.5118266117587
480.11258222748256
512.7822924041947
488.38670989208106
492.6463668255185
502.38766874943025
